1650207357990 0.898057009226303 0
1650207357991 1.5679066557420622 0
1650207357992 2.204787779823811 0
1650207357993 3.8892087510590683 0
1650207357994 4.29274197150392 0
1650207357994 5.295569449560128 0
1650207357995 6.007600817171436 0
1650207357996 7.238349734264372 0
1650207357997 8.495545998157736 0
1650207357998 9.758206137408289 0
1650207357998 10.767242308692712 0
1650207357999 11.877059062327996 0
1650207358000 12.394379921224091 0
1650207358001 13.080221402126572 0
1650207358001 14.232927327945932 0
1650207358002 15.067202745854344 0
1650207358003 16.35959382563072 0
1650207358004 17.989203194300835 0
1650207358004 18.151234651916972 0
1650207358005 19.955588746586987 0
1650207358006 20.242070313195285 0
1650207358007 21.833278195114545 0
1650207358007 22.034200651229884 0
1650207358008 23.47047522677864 0
1650207358009 24.06121293389769 0
1650207358010 25.679644244178373 0
1650207358010 26.988232106711298 0
1650207358011 27.77672470171329 0
1650207358012 28.61616195913504 0
1650207358013 29.50476678706559 0
1650207358014 30.727018942594764 0
1650207358014 31.918898044253172 0
1650207358015 32.43227445080325 0
1650207358016 33.130033397458185 0
1650207358017 34.35399916243698 0
1650207358017 35.75936632723428 0
1650207358018 36.96995528075584 0
1650207358019 37.928584895835534 0
1650207358020 38.856241795365065 0
1650207358020 39.394824918164815 0
1650207358021 40.263841760430395 0
1650207358022 41.86285835387628 0
1650207358023 42.7516871427959 0
1650207358024 43.3609022438324 0
1650207358024 44.06569443440216 0
1650207358025 45.298980496697894 0
1650207358026 46.26498822833823 0
1650207358027 47.398363912554224 0
1650207358027 48.73220185952038 0
1650207358028 49.21678026753726 0
1650207358029 50.41901667166834 0
1650207358030 51.0276384622701 0
1650207358030 52.18137284478573 0
1650207358031 53.79482576687485 0
1650207358032 54.16458784912729 0
1650207358033 55.00086799514384 0
1650207358034 56.96187197280153 0
1650207358034 57.20773620300236 0
1650207358035 58.45138520930368 0
1650207358036 59.81994704458753 0
1650207358037 60.61865914794428 0
1650207358037 61.78939567448036 0
1650207358038 62.32550311937911 0
1650207358039 63.39400439764141 0
1650207358039 64.96384235980821 0
1650207358040 65.75610719555822 0
1650207358041 66.65565797953985 0
1650207358042 67.51861461101014 0
1650207358043 68.680181368738 0
1650207358043 69.65136979794525 0
1650207358044 70.63490500014709 0
1650207358045 71.07197886219627 0
1650207358046 72.27592025153662 0
1650207358046 73.83079141594064 0
1650207358047 74.65856328615986 0
1650207358048 75.49832350768543 0
1650207358048 76.12168307720556 0
1650207358049 77.25913811797008 0
1650207358050 78.8528958227444 0
1650207358051 79.30457226189937 0
1650207358051 80.33255699889148 0
1650207358052 81.80707613494505 0
1650207358053 82.36236712549905 0
1650207358054 83.25383309583668 0
1650207358054 84.10372949866054 0
1650207358055 85.38666154932721 0
1650207358056 86.82607455647333 0
1650207358057 87.63133976076892 0
1650207358057 88.15367576457604 0
1650207358058 89.62250260388268 0
1650207358059 90.35672074530063 0
1650207358060 91.42199993524646 0
1650207358060 92.77835001426799 0
1650207358061 93.38556335325809 0
1650207358062 94.99551387231728 0
1650207358062 95.27599640499746 0
1650207358063 96.64120853636484 0
1650207358064 97.70091667304492 0
1650207358065 98.88690180056867 0
1650207358066 99.4502061228955 0
